MAE: 0.1398779555593431
RMSE: 0.182088600347967
R^2: 0.967738754843722
