MAE: 0.13945119973556697
RMSE: 0.17900609419541724
R^2: 0.9688512320047359
