MAE: 0.11199385964014043
RMSE: 0.14365125302293744
R^2: 0.9799403164362714
